734061000752806	20240717
734061001248407	20240717
734061001613062	20240717
734061001647369	20240717
734061002238317	20240717
734061002480508	20240717
734061002480534	20240717
734061006057718	20240717
734061006557533	20240717
734061007625021	20240717
734061007625023	20240717
734061007625025	20240717
734061007625027	20240717
734061007625028	20240717
734061007625029	20240717
734061007625038	20240717
734061007625440	20240717
734061007625443	20240717
734061007625444	20240717
734061007625448	20240717
734061007625449	20240717
734061007625451	20240717
734061007625453	20240717
734061007625454	20240717
734061007625455	20240717
734061007625457	20240717
734061007625458	20240717
734061007726005	20240717
734061007726041	20240717
734061007888520	20240717
734061007888521	20240717
734061007888531	20240717
734061007888535	20240717
734061007888536	20240717
734061007888540	20240717
734061007888553	20240717
734061007888575	20240717
734061007888578	20240717
734061007888904	20240717
734061007888916	20240717
734061007888940	20240717
734061007888949	20240717
734061007888971	20240717
734061007888974	20240717
734061007888986	20240717
734061007888987	20240717
734061007888990	20240717
734061007888997	20240717
734061007888999	20240717
734061007889024	20240717
734061007889034	20240717
734061007889038	20240717
734061007889054	20240717
734061007889055	20240717
734061007889057	20240717
734061007889419	20240717
734061007889431	20240717
734061007889443	20240717
734061007889445	20240717
734061007889447	20240717
734061007889452	20240717
734061007889461	20240717
734061007889473	20240717
734061007889483	20240717
734061007889485	20240717
734061007889491	20240717
734061007889498	20240717
734061007954655	20240717
734061007954659	20240717
734061007993814	20240717
734061007993838	20240717
734061007993839	20240717
734061007993850	20240717
734061007993851	20240717
734061007993855	20240717
734061007993857	20240717
734061007993859	20240717
734061007993865	20240717
734061007993872	20240717
734061007993891	20240717
734061008466479	20240717
734061008784991	20240710
734061020073383	20240717
734061020073427	20240717
734061021859357	20240717
734061022112164	20240717
734061022112166	20240717
734061022443414	20240717
734061022443428	20240717
734061022443449	20240717
734061022443451	20240717
734061022450903	20240717
734061022450907	20240717
734061022450916	20240717
734061022545520	20240717
734061022545531	20240717
734061022545536	20240717
734061022545546	20240717
734061022545584	20240717
734061022657236	20240717
734061022657244	20240717
734061022657249	20240717
734061022657253	20240717
734061022657258	20240717
734061022657261	20240717
734061022657263	20240717
734061022657271	20240717
734061022657273	20240717
734061022657277	20240717
734061022711004	20240717
734061022711080	20240717
734061022818924	20240717
734061022818925	20240717
734061022818927	20240717
734061022818946	20240717
734061022818948	20240717
734061022818949	20240717
734061022852703	20240717
734061022852706	20240717
734061022852711	20240717
734061022852714	20240717
734061022852760	20240717
734061022852764	20240717
734061022852780	20240717
734061022852789	20240717
734061023002119	20240717
734061023002134	20240717
734061023197210	20240911
734061023197211	20240911
734061023197212	20240911
734061023197213	20240911
734061023197214	20240911
734061023197215	20240911
734061023197216	20240911
734061023197217	20240911
734061023197218	20240911
734061023197219	20240911
734061023197220	20240911
734061023197221	20240911
734061023197222	20240911
734061023197223	20240911
734061023197224	20240911
734061023197225	20240911
734061023197226	20240911
734061023197227	20240911
734061023197228	20240911
734061023197229	20240911
734061023197230	20240911
734061023197231	20240911
734061023197232	20240911
734061023197233	20240912
734061023197234	20240912
734061023197235	20240912
734061023197236	20240912
734061023197237	20240912
734061023197238	20240912
734061023197239	20240912
734061023197240	20240912
734061023197241	20240912
734061023197242	20240912
734061023197243	20240912
734061023316654	20240912
734061023316655	20240912
734061023316656	20240912
734061023316657	20240912
734061023316658	20240912
734061023316659	20240912
734061023319412	20240911
734061023319413	20240911
734061023319414	20240911
734061023319415	20240911
734061023319416	20240911
734061023319417	20240911
734061023319418	20240911
734061023319419	20240911
734061023319420	20240911
734061023319421	20240911
734061023909223	20240717
734061025666989	20240912
734061026212088	20240911
734061026212091	20240911
734061026212093	20240911
734061026212098	20240911
734061026212100	20240911
734061026212108	20240911
734061026212296	20240717
734061026212297	20240717
734061026212298	20240717
734061026212401	20240717
734061026212440	20240717
734061026212493	20240717
734061026212495	20240717
734061026212504	20240717
734061026212512	20240717
734061026212517	20240717
734061026212520	20240717
734061026212531	20240717
734061026212537	20240717
734061026212553	20240717
734061026212565	20240717
734061026212572	20240717
734061026212574	20240717
734061026212584	20240717
734061026212585	20240717
734061026212593	20240717
734061026212595	20240717
734061026212705	20240717
734061026212715	20240717
734061026212717	20240717
734061026212719	20240717
734061026212757	20240717
734061026212766	20240717
734061026212785	20240717
734061026212823	20240717
734061026212843	20240717
734061026212844	20240717
734061026212887	20240717
734061026212893	20240717
734061026212926	20240717
734061026212933	20240717
734061026212947	20240717
734061026212952	20240717
734061026212957	20240717
734061026212959	20240717
734061026212965	20240717
734061026212966	20240717
734061026212974	20240717
734061026212988	20240717
734061026212989	20240717
734061026212991	20240717
734061026212993	20240717
734061026212994	20240717
734061026212996	20240717
734061026212999	20240717
734061026801742	20240724
734061027552802	20240911
734061040313349	20240717
734061040487284	20240717
734061040487285	20240717
734061040563511	20240717
734061040563512	20240717
734061040563515	20240717
734061040563516	20240717
734061040563525	20240717
734061040563526	20240717
734061040563532	20240717
734061040563535	20240717
734061040563537	20240717
734061040563540	20240717
734061040563543	20240717
734061040563544	20240717
734061040563546	20240717
734061040761833	20240717
734061040761835	20240717
734061040761836	20240717
734061040761862	20240717
734061040860701	20240717
734061040860708	20240717
734061040860710	20240717
734061040860717	20240717
734061040860721	20240717
734061040860722	20240717
734061040860724	20240717
734061040860725	20240717
734061040860730	20240717
734061040860734	20240717
734061040860735	20240717
734061040860739	20240717
734061040860755	20240717
734061040860758	20240717
734061040860761	20240717
734061040860763	20240717
734061040860768	20240717
734061040860780	20240717
734061040860782	20240717
734061040860783	20240717
734061040860787	20240717
734061040860788	20240717
734061040860799	20240717
734061040949007	20240717
734061040949008	20240717
734061040949012	20240717
734061040949013	20240717
734061040949014	20240717
734061040949016	20240717
734061040949018	20240717
734061040949019	20240717
734061040949453	20240717
734061040949457	20240717
734061040949494	20240717
734061041111819	20240717
734061041133600	20240717
734061041133601	20240717
734061041133602	20240717
734061041133603	20240717
734061041133604	20240717
734061041133605	20240717
734061041133607	20240717
734061041133608	20240717
734061041261271	20240717
734061041261273	20240717
734061041261276	20240717
734061041261278	20240717
734061041261280	20240717
734061041261283	20240717
734061041261285	20240717
734061041261288	20240717
734061045564083	20240911
734061045789346	20240911
734061046494494	20240912
734061049910069	20240911
734061051912600	20240911
734061053584137	20240911
734061061349702	20240717
734061061349845	20240717
734061061349852	20240717
734061061349853	20240717
734061061349858	20240717
734061061349862	20240717
734061061349868	20240717
734061061349882	20240717
734061061415490	20240717
734061061495912	20240717
734061061953955	20240717
734061062610330	20240717
734061062610362	20240717
734061062610367	20240717
734061062610405	20240717
734061062762659	20240717
734061063296224	20240717
734061063539688	20240717
734061099991521	20240717
734063009811585	20240717
734063062775355	20240911
734063063327903	20240911
734063063327903	20240911
